0011110111 10001111. 149

68) 01111111.23,16,13.14. 216 618) 01.Ρο111111 6,,.442 >

01. Plub.y11P 11..11 280 620 0110000. 11..(16,1-8. 01.

62191111 6111116. 101‚9—8 11114011. 11]
61)
2

)
[101] 61) 201. Ap [101111. 1111111. 48. Liu.
)

61 01Ρο12011.1,36,.1 [461]· 21,.1 [210]

61.)01 Ρο161011.1,6,6. Ηο- 622 0111111. 22, 28. 01 Polyb.
1011021802011111 anim. 11,104105. [211] ,
11 11,11. [141] 621) 111111. 11,14 11. Polyb.

613) 01.1“101.1,18,.8 0101. 41 3,q.‘118 Appiam. Hann. 1.

1, 9-10. 1111161111 11. z’flonar 8,24. [218]

201101. 8,3. [280] 624) 01111111. 224 01 Polyb.
614) 0111011111. 2,6,4. 3,8300 [211]
616)011Ρο011(101101111114,,’1-40.620)(11.1)01].’ἑ14111.6,38,6.Ζοι
611) 11Ρ111111111111114,1,41.1111 1, 8 [112]

6011) 1100111111. Η100.6 [228] 626) 01 Ρο112011. 2,2,.9 Xe-
611) 11. 1111. 1,,.111 [1110) 111111.Η111.1,’1,’11-11.
611)111111.4,’.11111·1.1,12, 1111111. 11,10. 111

1.00 6ω1ώ22.1.100.
620) cf. 1161111441. 1,4,11’11.1.1111.1,1,11.

11, ὅτ 2212221201. 1815022 22

61) 0111111. 1,14. 0110112011. Ζο1101.9,1. [216]

8, 3, 2. 629) 0111111.32,6-6. 01.Ρο1611.
62)011111.1,11.[110] 14,-1-1.’.41111111.Ρι11111
61111111. 40, 41. [111] -21, 211111.1,12.[101]
64) 11111111 1110. 11111 610) 111111111111111. 11 41-

22728211112242100.[1121111111119 [12]

4,9,.1416. Polyb 1,40. 631) 01. Appian. b. 0. 1, 109.

Ι)10’4101.23,21. 201101. 8, Plu1.Ser1.18 6111. 11101.

14-11011'911. 0,11,1 1, 11,1 111) 11.· 111. 4211.
66) 21.111102212.]18. Ρο112011. 6 2) 21) 81211111 2121589276 012,
« 121. 2111111. 120401. 98,9 0111112111 Ap'

1110001244 11000.Ρο10. [11111. 11.0.1,116. 2211.

6⁴-9 [92⁹9 Ἰ 11211.3,;οΙ).Ε[12] ⁸

[141-139 622) 91. A 1111.11111981)10

11.1.11.40,10-·11.[111] 11,4 ,1-4. [11]

01. Polyaen. 6,8,.1 [39161)4 0111111. 0111091. bros 6,

—1398 24,.6 Ρ11111.01800. 11. 4111ὅ

1Ρο)00116,10,1.[396] pian b. 0. 1,118. Sall.

)[119-116] , hist. 4, 1611. fragm inc.

)(0.1 Ηο10 01. 1,.18 Po 401’).--ι 1101111241.

1611111866) [11]

10111111 11161114, 1, 21. 611) 11 0114011. [11]
01111111’11111111610)1111114011-40.11111.

4‚18 4,’1.1[ ’[111] 42, 4, 1.6.’ [10]

 

